"UF";"2008/Jan";"2008/Fev";"2008/Mar";"2008/Abr";"2008/Mai";"2008/Jun";"2008/Jul";"2008/Ago";"2008/Set";"2008/Out";"2008/Nov";"2008/Dez";"2009/Jan";"2009/Fev";"2009/Mar";"2009/Abr";"2009/Mai";"2009/Jun";"2009/Jul";"2009/Ago";"2009/Set";"2009/Out";"2009/Nov";"2009/Dez";"2010/Jan";"2010/Fev";"2010/Mar";"2010/Abr";"2010/Mai";"2010/Jun";"2010/Jul";"2010/Ago";"2010/Set";"2010/Out";"2010/Nov";"2010/Dez";"2011/Jan";"2011/Fev";"2011/Mar";"2011/Abr";"2011/Mai";"2011/Jun";"2011/Jul";"2011/Ago";"2011/Out";"2011/Nov";"2011/Set";"2011/Dez";"2012/Jan";"2012/Fev";"2012/Mar";"2012/Abr";"2012/Mai";"2012/Jun";"2012/Jul";"2012/Ago";"2012/Set";"2012/Out";"2012/Nov";"2012/Dez";"2013/Jan";"2013/Fev";"2013/Mar";"2013/Abr";"2013/Mai";"2013/Jun";"2013/Jul";"2013/Ago";"2013/Set";"2013/Out";"2013/Nov";"2013/Dez";"2014/Jan";"2014/Fev";"2014/Mar";"2014/Abr";"2014/Mai";"2014/Jun";"2014/Jul";"2014/Ago";"2014/Set";"2014/Out";"2014/Nov";"2014/Dez";"2015/Jan";"2015/Fev";"2015/Mar";"2015/Abr";"2015/Mai";"2015/Jun";"2015/Jul";"2015/Ago";"2015/Set";"2015/Out";"2015/Nov";"2015/Dez";"2016/Jan";"2016/Fev";"2016/Mar";"2016/Abr";"2016/Mai";"2016/Jun";"2016/Jul";"2016/Ago";"2016/Set";"2016/Out";"2016/Nov";"2016/Dez";"2017/Jan";"2017/Fev";"2017/Mar";"2017/Abr";"2017/Mai";"2017/Jun";"2017/Jul";"2017/Ago";"2017/Set";"2017/Out";"2017/Nov";"2017/Dez";"2018/Jan";"2018/Fev";"2018/Mar";"2018/Abr";"2018/Mai";"2018/Jun";"2018/Jul";"2018/Ago";"2018/Set";"2018/Out";"2018/Nov";"2018/Dez";"2019/Jan";"2019/Fev";"2019/Mar";"2019/Abr";"2019/Mai";"2019/Jun";"2019/Jul";"2019/Ago";"2019/Set";"2019/Out";"2019/Nov";"2019/Dez";" Total"
"RO";"178932";"95359";"73193";"163535";"86012";"235824";"93365";"785330";"90069";"68268";"60769";"63348";"71386";"61200";"78320";"175826";"102095";"235537";"78821";"83649";"231824";"73700";"71377";"60858";"62624";"58800";"79042";"169658";"91309";"225175";"78529";"227038";"69962";"70735";"77844";"74815";"78515";"81401";"83531";"88499";"95261";"94141";"89306";"107227";"79671";"82102";"95390";"71245";"101566";"97989";"97368";"87656";"111387";"103635";"96337";"126240";"79909";"81576";"80310";"68654";"80795";"67473";"73242";"97942";"117842";"176519";"317716";"175473";"134752";"83249";"77374";"73310";"89987";"88111";"125280";"101452";"106350";"79587";"95552";"92556";"115040";"106034";"144494";"173000";"87847";"83089";"116116";"96184";"115325";"102807";"94887";"153556";"110061";"90856";"88304";"71314";"94414";"74344";"88417";"99499";"89802";"92732";"80530";"83329";"161287";"75376";"67158";"61555";"107274";"104000";"115939";"101753";"101269";"73109";"64377";"75247";"100823";"77923";"65601";"53171";"91458";"66813";"82125";"79971";"87536";"77652";"138877";"134188";"79137";"77014";"68930";"58752";"82237";"71341";"71163";"86015";"88568";"74321";"80200";"83566";"91380";"104087";"79399";"53573";"14903752"
"AC";"75967";"47823";"42638";"83750";"55741";"162863";"46589";"392150";"74149";"41209";"42827";"35839";"39852";"43449";"46723";"98756";"61884";"161981";"51180";"50755";"161613";"45577";"45782";"42972";"35054";"38491";"49855";"91068";"54318";"146752";"38928";"143586";"37490";"36786";"42920";"45089";"52875";"54573";"63567";"60827";"69946";"80868";"60606";"69039";"53615";"58393";"60872";"43455";"51297";"51692";"54188";"61100";"66598";"73392";"56920";"66425";"45553";"52010";"45874";"27092";"42493";"37570";"42814";"64467";"113081";"144595";"60248";"73364";"45131";"39464";"40284";"37096";"39237";"40031";"51663";"53265";"41442";"39484";"34649";"40493";"41234";"29103";"45460";"67180";"33307";"36417";"53588";"53222";"65298";"43815";"31598";"86405";"37431";"38000";"33022";"25665";"38399";"34563";"34625";"42927";"48481";"34537";"29686";"30478";"80058";"30697";"32272";"25995";"38857";"38558";"48970";"37675";"45686";"36917";"32944";"37563";"71319";"37047";"35817";"30462";"39168";"33678";"38992";"40530";"39340";"33138";"39502";"72646";"34714";"37836";"32721";"26697";"40682";"37351";"36522";"41670";"40283";"37626";"41300";"38967";"37878";"45440";"41413";"30822";"7788248"
"AM";"362598";"223540";"195949";"382469";"241685";"613409";"209090";"1709946";"223520";"180388";"174280";"164874";"166252";"176474";"192866";"395718";"270893";"603714";"222510";"236356";"586026";"188910";"194757";"168389";"166464";"161654";"213715";"377209";"228355";"558016";"169788";"573615";"187582";"171534";"188006";"173725";"196916";"205619";"200936";"224945";"273863";"244462";"224083";"245690";"210238";"205894";"222663";"182915";"234459";"232198";"264725";"248715";"306009";"278121";"245466";"322960";"233975";"240606";"203737";"198750";"191925";"205359";"251479";"248675";"274682";"585699";"628242";"369809";"358738";"288758";"248735";"214511";"223010";"260745";"259066";"297960";"329963";"214984";"220358";"255777";"275381";"245425";"263636";"389597";"212813";"241661";"314265";"266084";"320775";"260522";"226082";"397373";"244564";"227958";"206675";"168905";"185980";"145803";"172533";"174136";"207297";"178832";"163280";"228410";"422993";"170071";"166611";"132432";"253656";"203502";"298271";"215904";"273061";"188091";"193853";"212291";"354473";"195305";"193819";"150759";"237298";"182194";"288743";"334576";"284171";"234577";"581957";"556559";"279503";"257870";"205095";"171852";"256039";"229700";"288559";"283221";"247671";"208097";"227808";"244090";"230625";"252749";"208671";"158480";"38623880"
"RR";"60897";"54141";"38518";"47611";"41415";"98733";"37541";"100206";"152362";"25861";"22799";"22486";"26308";"30326";"30197";"52883";"45781";"89725";"33493";"34455";"84498";"31529";"27477";"23331";"28580";"24336";"27300";"51808";"34476";"78697";"28642";"79031";"33134";"29123";"26266";"25654";"28289";"31316";"30902";"34412";"35454";"32734";"40611";"31686";"34426";"28219";"30358";"31615";"32410";"37448";"37071";"35153";"8348";"39083";"38645";"42226";"36438";"25741";"26474";"29553";"31861";"34102";"31632";"31958";"58061";"88181";"76660";"26552";"36693";"27728";"10474";"42470";"33256";"39661";"49433";"41280";"37449";"37311";"33793";"37871";"57088";"31250";"30436";"59743";"27037";"50544";"60947";"42787";"41081";"41539";"36990";"60479";"43209";"40181";"37740";"34911";"31106";"34061";"37995";"34230";"37036";"38691";"37916";"39885";"55172";"39338";"36166";"26775";"48066";"66273";"77416";"57338";"49828";"35102";"39316";"46318";"38206";"47603";"34704";"24123";"43118";"45397";"107079";"96022";"72922";"52105";"61893";"59952";"39823";"65675";"63046";"56998";"72926";"55377";"53817";"52092";"61621";"33496";"39703";"47430";"48341";"70431";"51731";"45694";"6369973"
"PA";"539062";"410146";"348803";"772385";"385744";"1449405";"354966";"1314394";"2793457";"295497";"365440";"291755";"338173";"354901";"366351";"854416";"389357";"1251442";"368883";"362098";"1358423";"398248";"357114";"309434";"283981";"298224";"345633";"752225";"328776";"1128337";"340574";"1183000";"332758";"293336";"314787";"295445";"298736";"338980";"352575";"406099";"463237";"501808";"423932";"540867";"398652";"393192";"440639";"358393";"418689";"416446";"451887";"443221";"477553";"523890";"461660";"590240";"457164";"389695";"410086";"341764";"360309";"353711";"375102";"447000";"712533";"1130255";"955050";"589172";"582460";"397979";"383107";"324883";"422034";"426205";"576833";"398238";"360529";"307731";"307689";"332556";"418940";"340706";"412752";"677422";"332271";"296872";"424174";"349281";"345337";"305334";"262524";"527252";"270624";"256085";"248857";"171415";"276513";"235448";"249635";"269466";"266569";"265116";"220460";"277897";"579646";"208443";"229730";"180097";"384652";"318214";"501969";"338298";"341437";"279807";"260189";"330252";"536890";"311884";"271948";"206487";"356100";"256634";"311319";"299916";"279049";"259024";"335140";"476956";"303202";"308859";"285931";"216711";"356131";"327355";"324522";"336084";"334859";"299320";"330618";"360301";"380274";"500042";"367945";"248664";"62805600"
"AP";"74862";"50568";"42231";"67252";"39239";"120126";"33961";"310791";"37957";"30558";"27774";"24093";"33958";"27994";"39865";"68938";"44650";"126216";"33888";"29865";"139834";"32109";"33492";"24388";"30336";"27786";"38187";"61051";"39200";"119081";"28707";"110083";"40434";"32233";"37768";"25012";"36346";"37710";"36177";"37403";"50231";"41423";"34978";"49985";"37735";"39738";"42474";"31526";"42831";"39476";"45819";"46921";"57601";"53605";"47393";"68821";"37422";"38484";"35114";"17704";"39010";"32157";"33867";"43306";"58700";"106069";"110483";"65695";"50643";"33811";"33496";"28914";"41645";"39705";"56224";"46209";"40819";"32772";"35587";"40074";"47789";"46551";"39036";"80307";"43018";"35158";"48300";"40433";"47727";"36865";"39177";"70650";"44820";"39691";"39927";"32678";"43175";"39663";"44566";"39873";"39067";"35041";"34229";"43387";"72992";"31982";"31112";"26921";"35155";"34896";"44775";"37128";"37988";"31063";"30805";"39028";"80686";"36299";"34815";"27279";"40588";"32802";"37047";"35738";"33486";"30815";"37164";"70064";"37582";"40057";"34560";"27652";"44310";"37951";"37158";"36998";"38210";"32694";"35682";"41384";"36309";"43542";"34882";"26130";"6647447"
"TO";"306930";"122303";"92080";"169657";"77744";"221654";"59464";"678215";"76852";"61627";"58004";"54374";"68282";"58923";"72170";"168620";"75985";"214300";"62252";"76220";"207777";"64342";"64534";"55808";"62421";"58503";"82470";"191775";"97853";"205659";"60501";"207221";"63750";"62908";"74261";"60107";"76067";"70299";"78804";"87380";"79556";"88178";"63379";"92286";"72399";"72057";"75227";"60237";"85741";"72102";"88953";"72631";"95930";"88132";"75393";"109227";"68679";"76897";"69941";"56974";"72478";"64740";"69029";"99545";"79233";"158177";"232919";"102562";"113200";"98967";"85699";"83086";"88076";"75213";"116611";"96206";"82168";"69114";"72340";"84449";"101270";"76038";"85912";"127134";"74848";"60455";"92935";"77705";"89448";"73534";"67625";"137333";"75133";"70745";"63693";"44990";"57818";"48651";"61387";"67571";"61877";"60917";"51268";"65354";"151711";"60377";"58864";"41335";"100503";"90723";"106643";"66843";"81657";"61347";"52527";"75547";"124066";"71855";"61703";"47569";"83475";"58495";"68426";"72785";"67310";"56982";"61492";"113793";"60386";"72182";"61103";"47566";"74708";"58958";"62492";"74337";"78371";"62222";"65127";"81290";"74693";"82630";"69935";"45655";"12917151"
"MA";"534600";"340751";"304990";"768378";"322213";"1128580";"314328";"4128356";"570992";"304484";"320993";"250724";"305774";"296226";"336806";"793589";"331845";"1096373";"319056";"330276";"1040485";"313791";"321920";"285115";"303349";"281176";"349391";"755256";"751223";"1003083";"287702";"1014739";"294632";"306594";"375187";"312191";"342914";"350826";"360341";"377548";"415773";"442618";"379975";"513417";"392038";"302853";"419649";"329693";"434064";"385801";"429169";"409286";"452433";"452758";"382017";"534746";"388628";"378927";"348416";"287835";"334187";"315052";"340436";"452989";"460410";"924325";"1109853";"576380";"572602";"377302";"347366";"334777";"377245";"345072";"518541";"395781";"348402";"311950";"339614";"349559";"486117";"380226";"481174";"686077";"356504";"316101";"477143";"387365";"411413";"344977";"337824";"600255";"368624";"326535";"309372";"211775";"263035";"224306";"251972";"274332";"285312";"251772";"222284";"250345";"541309";"226570";"233445";"146733";"366334";"331553";"416522";"282117";"327633";"263051";"275777";"301148";"595594";"305259";"269843";"176817";"368116";"277873";"330852";"333658";"303693";"257372";"316842";"490550";"273408";"298153";"250417";"178918";"326883";"266001";"270177";"314361";"318745";"244994";"291717";"310602";"331960";"333263";"277274";"175419";"60444529"
"PI";"242915";"153958";"132154";"374631";"114494";"415988";"110717";"1237769";"170501";"107247";"136194";"111202";"118565";"101339";"124192";"377203";"122000";"427973";"114969";"135846";"392692";"113636";"117710";"91125";"109500";"94189";"115882";"338943";"115615";"382797";"104241";"392786";"105686";"106597";"128687";"110248";"159985";"133528";"145625";"145662";"144035";"149370";"143990";"189048";"137148";"148584";"146319";"119834";"163979";"145957";"163785";"153685";"190644";"175551";"153946";"180479";"148352";"143424";"136997";"122797";"127761";"127673";"137583";"150548";"264318";"428511";"350450";"215725";"194812";"163176";"150246";"117054";"153880";"132366";"200495";"151518";"125998";"110560";"127145";"126739";"162743";"131210";"193380";"171030";"119397";"99831";"150897";"128794";"296859";"147360";"120405";"173287";"119725";"115300";"114613";"78658";"108921";"86671";"108571";"155431";"196862";"115292";"93905";"105311";"241827";"84147";"92123";"63510";"132476";"121784";"148101";"108588";"120579";"107002";"104651";"126557";"221389";"123980";"112591";"78802";"154173";"108827";"115792";"123023";"118153";"105079";"126919";"241329";"123594";"127231";"115971";"84572";"134964";"111338";"111475";"126852";"127943";"110521";"131260";"137528";"145389";"156702";"167770";"88635";"23227073"
"CE";"279979";"250593";"242645";"927227";"262971";"1094560";"289237";"3916163";"424054";"229042";"249164";"219478";"281881";"257771";"304858";"971976";"288292";"1091931";"293546";"299924";"1107984";"301268";"301281";"241842";"267545";"232663";"286147";"933218";"262360";"991398";"253948";"1025388";"441188";"335397";"394033";"306390";"332372";"321342";"331526";"352199";"399395";"465670";"404435";"473032";"353447";"415548";"344338";"317964";"412138";"347592";"389849";"517688";"493908";"496322";"405802";"461879";"337988";"352912";"383465";"286950";"351001";"302095";"318351";"419559";"613703";"1076017";"1152716";"553992";"466732";"407909";"376764";"322828";"408021";"536024";"516148";"494968";"389221";"394264";"519056";"492357";"633663";"459991";"703585";"547412";"485088";"432153";"988054";"1278337";"704603";"542641";"486362";"637506";"554526";"428143";"428315";"353581";"395770";"345694";"375922";"384434";"385303";"381771";"363626";"380519";"708658";"359702";"357544";"301680";"381446";"334508";"429319";"379290";"433316";"390844";"398999";"498209";"675639";"433931";"410142";"319227";"493422";"348896";"391484";"464294";"430259";"388834";"456360";"670690";"381027";"411006";"363815";"280393";"370722";"312480";"327593";"380194";"376195";"308681";"357299";"369445";"361175";"357005";"390101";"256831";"68104483"
"RN";"105946";"91932";"89295";"329855";"104996";"361694";"92169";"1807631";"86999";"85706";"89965";"79800";"95568";"90140";"103216";"361385";"110028";"385134";"117563";"111135";"378013";"109719";"112152";"94988";"90195";"82132";"110164";"350204";"112881";"364114";"127474";"424523";"119685";"112730";"125557";"122478";"115975";"120352";"118801";"127008";"133988";"143718";"138180";"179164";"135050";"130980";"146565";"116141";"141475";"128835";"154450";"143631";"160800";"160979";"160943";"205492";"141224";"139613";"127017";"105993";"119734";"109859";"127254";"151793";"193679";"399542";"438274";"233015";"200459";"147431";"133055";"120564";"137579";"129799";"194180";"149152";"123611";"120314";"138334";"140485";"168046";"156154";"190968";"260019";"129715";"118443";"157709";"138008";"153044";"121258";"132507";"228228";"144297";"131350";"120482";"97827";"103360";"88187";"101142";"106373";"107450";"99703";"109135";"106212";"195214";"94585";"95162";"74771";"90397";"84629";"105622";"85945";"96736";"85133";"102360";"110134";"219945";"100403";"97808";"84398";"117749";"94124";"115842";"119497";"111842";"99019";"132421";"165542";"114657";"120357";"105335";"102440";"123035";"104295";"102980";"117957";"122188";"96672";"129091";"158457";"145985";"144470";"122405";"74907";"22255779"
"PB";"150260";"114621";"120420";"457632";"132306";"482241";"128276";"1055138";"177688";"188614";"187754";"513457";"128546";"118407";"306987";"572833";"184690";"487433";"161302";"148643";"514760";"155237";"151407";"128926";"122126";"110631";"160277";"493969";"148452";"446032";"144577";"464736";"103990";"177925";"297657";"185057";"137672";"153170";"151506";"146333";"162041";"174167";"160260";"206162";"159828";"163183";"158916";"135675";"163863";"162376";"174775";"162305";"172538";"171985";"175207";"183092";"144719";"156203";"142356";"132340";"146295";"136711";"140130";"158626";"317261";"502744";"422445";"258533";"258712";"166172";"159338";"140825";"158620";"161166";"225663";"157499";"141472";"124252";"146689";"151415";"198921";"155684";"220413";"286173";"149297";"135825";"172302";"142597";"149039";"124018";"153619";"228069";"154847";"153740";"150816";"117785";"131635";"111420";"119305";"124620";"122987";"108746";"128984";"125392";"237694";"102821";"111916";"90247";"157455";"140102";"164025";"135847";"138220";"120954";"134615";"154615";"289340";"136203";"129681";"95504";"152268";"119749";"161706";"158160";"144548";"129372";"170265";"235847";"160395";"167752";"142577";"113640";"170937";"152615";"151597";"184099";"171292";"134489";"184791";"185651";"216765";"200838";"185556";"88082";"27436711"
"PE";"315964";"295005";"285585";"988174";"281811";"1188596";"304445";"3994470";"311583";"284733";"288847";"255652";"307631";"293220";"331243";"1132260";"345681";"1168180";"356358";"355150";"1169463";"331628";"398457";"301697";"289917";"265304";"321492";"1074849";"335432";"1103817";"327749";"1125346";"286317";"318258";"379455";"376601";"364084";"404118";"351205";"401524";"408944";"512142";"455643";"532473";"395828";"400925";"396728";"382710";"421153";"444019";"435762";"444204";"430208";"492012";"464307";"570493";"442891";"394657";"400821";"365917";"343923";"360438";"383277";"411742";"694591";"1275620";"1138633";"602440";"591743";"392927";"357929";"450817";"425856";"412818";"957653";"475267";"463800";"392264";"436815";"460350";"550022";"479239";"620958";"508433";"429818";"399425";"537102";"450254";"643546";"433514";"446337";"737128";"511236";"465325";"431405";"359296";"369056";"311768";"331928";"361090";"365317";"346862";"389355";"387128";"661678";"371252";"346473";"276753";"422629";"383156";"410320";"329854";"383684";"345853";"362836";"386123";"651838";"383071";"354247";"299447";"415863";"340578";"361216";"391477";"382189";"361534";"446142";"645254";"403445";"417654";"357439";"280053";"415113";"344810";"358676";"392795";"435169";"302452";"388709";"604679";"593968";"458249";"367544";"242880";"69774685"
"AL";"122322";"107600";"109644";"311714";"104264";"417826";"90409";"1252552";"272104";"107734";"103223";"88529";"124366";"112111";"129679";"348052";"143461";"456845";"142408";"141334";"472257";"128525";"128213";"108463";"117479";"97894";"119914";"315424";"122534";"382464";"130348";"453807";"111353";"123561";"143366";"125821";"145600";"139002";"133112";"136593";"141693";"162595";"131142";"162691";"130543";"129318";"133986";"111852";"170321";"152456";"169726";"155746";"166704";"167651";"166144";"216542";"163932";"159094";"146247";"114029";"140749";"126735";"139006";"181956";"273832";"367915";"401640";"244216";"206375";"162174";"149139";"118167";"163010";"150074";"228430";"164204";"154229";"132360";"162676";"153496";"222596";"160240";"215813";"275634";"158071";"126066";"186727";"162786";"181424";"134515";"172228";"232995";"2373099";"160518";"138230";"104542";"124978";"93289";"114441";"120705";"118965";"112603";"128968";"125422";"251274";"105404";"123912";"86176";"149985";"124581";"163535";"121554";"143161";"118350";"145628";"169863";"271869";"160731";"149259";"109438";"161721";"125681";"161213";"164629";"173917";"135818";"184007";"228572";"147462";"151992";"135996";"114947";"141738";"141536";"130575";"151912";"161969";"120032";"161336";"175269";"172033";"177756";"163344";"92239";"27209971"
"SE";"80380";"70184";"67263";"202086";"66214";"276580";"73825";"954000";"71955";"67233";"69733";"59319";"63584";"67200";"75675";"218450";"75362";"281280";"81219";"82765";"281668";"77242";"80511";"71483";"61364";"63402";"81410";"232711";"87347";"274088";"77905";"285670";"80433";"83185";"72640";"77618";"87854";"86468";"83571";"97751";"101468";"111205";"99983";"121934";"101438";"96634";"103404";"91720";"103835";"105377";"101487";"101401";"108072";"109186";"107856";"120480";"97974";"95883";"90910";"62519";"89898";"83207";"88519";"99513";"120220";"304622";"258148";"163842";"153214";"112034";"100751";"92485";"103653";"86180";"135980";"91300";"100379";"92415";"94793";"99968";"129198";"105844";"132716";"175684";"97211";"89128";"117555";"97962";"108315";"86518";"98301";"149725";"104764";"93485";"89610";"70279";"74255";"64057";"76252";"74385";"74046";"62862";"78789";"79006";"146445";"66878";"74407";"50416";"86816";"71368";"95922";"74121";"87493";"70428";"78465";"87610";"190029";"90343";"80554";"64543";"101967";"81977";"85538";"91294";"88229";"80807";"112735";"144764";"90263";"100097";"92158";"65903";"102526";"83179";"85848";"95396";"103439";"68847";"94788";"110549";"109721";"102830";"102750";"63335";"15857240"
"BA";"748521";"744376";"469846";"1498203";"536484";"1888523";"509206";"6660916";"718245";"523190";"471113";"1007920";"454716";"501231";"500281";"1680195";"583484";"1847484";"593539";"584192";"1829517";"506469";"529814";"494455";"431720";"580544";"592354";"1914759";"813429";"1818283";"628459";"2021335";"578586";"553539";"556932";"577105";"563224";"621598";"522007";"641718";"708980";"746097";"729272";"864849";"750430";"648829";"718965";"602894";"652023";"645895";"687892";"689593";"748587";"765228";"713117";"815343";"745318";"646764";"604763";"529335";"504457";"529088";"590328";"680636";"937986";"1535531";"2010621";"1033613";"1175609";"723822";"645779";"708298";"711727";"646982";"897982";"806532";"761320";"609132";"645768";"713556";"840491";"745428";"903974";"1056612";"588268";"566824";"727977";"647413";"722077";"563637";"597625";"1069848";"692346";"621953";"559100";"438178";"497727";"454087";"432415";"459112";"488364";"399977";"442440";"459702";"982280";"489579";"391584";"324868";"667082";"738160";"725835";"980058";"766537";"579016";"518667";"534903";"942995";"507644";"457917";"337040";"725879";"481329";"487051";"507777";"490120";"401669";"593224";"789317";"505773";"537588";"454527";"346051";"552713";"461852";"475235";"526198";"537135";"385528";"566430";"789298";"684294";"753918";"556705";"336454";"108046258"
"MG";"1883132";"886075";"671144";"2410374";"761395";"2317221";"597810";"8078823";"1312741";"672926";"662150";"3344906";"630033";"613724";"717166";"2668398";"826309";"2375441";"694741";"672065";"2187324";"633058";"1046236";"616708";"693606";"657648";"866520";"2794367";"1036498";"2344979";"820838";"2269125";"710513";"720655";"738599";"666419";"762032";"763794";"854134";"1032324";"1066514";"1115593";"884124";"973893";"813541";"835616";"770141";"718327";"939550";"823517";"929378";"836152";"1259549";"1189699";"1005867";"1235316";"795603";"811313";"764302";"676506";"753904";"721006";"788151";"1316933";"1262975";"2762896";"2478969";"1549856";"1309769";"874338";"772112";"656934";"855823";"772794";"1210087";"931057";"906918";"769794";"865642";"851121";"1221621";"862008";"1123694";"1422673";"824451";"689283";"1092930";"812452";"1231139";"871977";"856139";"1277479";"857243";"749219";"724197";"618966";"671504";"597784";"647107";"770400";"812154";"678786";"646794";"697912";"1755230";"635080";"604034";"521816";"2914616";"2398815";"2235132";"946841";"951262";"732754";"719462";"777025";"1300804";"722015";"655257";"550275";"1786511";"1149941";"972457";"953230";"986900";"846994";"1033489";"1585334";"823964";"890445";"732328";"594591";"847333";"698731";"752646";"933847";"1042488";"757639";"862703";"1041318";"1120250";"995763";"798155";"533886";"157786804"
"ES";"194801";"124255";"118820";"398326";"137485";"451737";"124486";"1586615";"126317";"111919";"107011";"96475";"121480";"106698";"129376";"426462";"142745";"436160";"140318";"124241";"412418";"114704";"120391";"105822";"106104";"99377";"170247";"439545";"166822";"416408";"135686";"403693";"127735";"144336";"134783";"134416";"140854";"129287";"138264";"146075";"176964";"183380";"168914";"181023";"143259";"140086";"157890";"136821";"169119";"147445";"171448";"153626";"211581";"227847";"200562";"219417";"148994";"156411";"155409";"128241";"148516";"125573";"129991";"191577";"205809";"394366";"599480";"226755";"267762";"168176";"156923";"136961";"177704";"154030";"225084";"182195";"173829";"156301";"197075";"188765";"248160";"181381";"205903";"322324";"162717";"135208";"212055";"152302";"201526";"171019";"181293";"220302";"182349";"158071";"132776";"112053";"124089";"107666";"130029";"142054";"141012";"146563";"154429";"175444";"273522";"125476";"134711";"116525";"564454";"717687";"1355934";"290703";"252166";"177641";"161468";"186496";"265599";"160740";"153234";"412835";"176905";"131112";"165681";"166344";"190123";"160364";"190396";"363259";"166891";"177619";"180304";"128373";"184476";"157426";"167541";"194183";"214029";"148810";"200287";"307281";"208899";"206267";"188374";"130513";"30533376"
"RJ";"722718";"489038";"452538";"1833345";"468172";"1683337";"436938";"5464403";"2305833";"1189775";"765362";"506256";"486029";"455434";"499626";"2087558";"548560";"1739459";"518918";"526157";"1701191";"429541";"491719";"441285";"452446";"396021";"472446";"1947458";"452673";"1523650";"452264";"1582008";"481307";"567160";"569562";"533850";"619477";"575243";"572153";"583744";"639334";"676479";"678226";"714801";"560680";"567265";"596251";"558891";"691191";"602171";"684105";"627509";"688870";"793110";"717727";"806936";"558723";"625462";"558513";"534905";"572959";"509565";"550368";"590944";"1474786";"1566601";"2448415";"914058";"890731";"597464";"558933";"665988";"652854";"621150";"863524";"675672";"670009";"598144";"698787";"770527";"917480";"789512";"814053";"1266177";"631261";"593623";"784384";"668243";"726308";"670869";"784586";"1109468";"691805";"649288";"613269";"537749";"564729";"448627";"575154";"593437";"562658";"610785";"636327";"630708";"1093133";"557253";"537111";"483783";"748692";"903110";"3212753";"1678508";"1281897";"971020";"994110";"831295";"1082316";"722764";"628466";"586294";"2737960";"786633";"738968";"693943";"722558";"894724";"526092";"733727";"469581";"695909";"484834";"446073";"545274";"451791";"485633";"468606";"522841";"466326";"573431";"588376";"557506";"568687";"715198";"328222";"117183180"
"SP";"2503923";"1708831";"1451486";"4765701";"1827212";"5486196";"1752540";"17949413";"1569997";"1327473";"1262275";"1185319";"1570029";"1391643";"1892648";"6012178";"2379911";"5313877";"1646326";"1559254";"4790004";"1395523";"1421096";"1268341";"1550321";"1381597";"1818434";"5532617";"2007380";"4835276";"1626144";"4828180";"1581467";"1553765";"1772546";"1543774";"1811493";"1755580";"1768870";"2051747";"2714831";"3068991";"2233442";"2218467";"1685078";"1712319";"1772434";"1548486";"2031723";"1862198";"2028092";"1913646";"2905845";"2730361";"2420873";"2666495";"1830957";"1944156";"1810348";"1540107";"1793968";"2075346";"1667806";"2313898";"2404392";"4843116";"6993115";"3361612";"4067111";"2249341";"1829937";"1676892";"2031756";"1846263";"2665728";"2349321";"2441958";"1871428";"2078950";"2106061";"2605839";"2248382";"2241169";"3624974";"1943913";"1708947";"2241756";"1979642";"2411876";"2003047";"2006800";"2598492";"2046431";"1985774";"1832304";"1562954";"1630707";"1277832";"1423987";"1468870";"1543681";"1247191";"1514037";"1593258";"3440931";"1433144";"1443437";"1261905";"2267634";"1970074";"2517585";"1969515";"2249874";"1699499";"1731916";"1784813";"3069372";"2356930";"2195140";"2173120";"4813977";"1854712";"1964611";"1807622";"2049883";"1805497";"2367778";"3076235";"1658712";"1814536";"1636340";"1400693";"1993758";"1724581";"1843941";"1952853";"2221480";"1828486";"3456743";"3783315";"2299153";"2151487";"1690105";"1236439";"338896924"
"PR";"914969";"492755";"673512";"1536054";"459226";"1227098";"318905";"4486097";"384651";"323354";"313719";"284441";"366902";"337452";"388163";"1405596";"449174";"1257067";"362237";"349497";"1234951";"369792";"375131";"323401";"348092";"340596";"435238";"1474609";"541910";"1246010";"415133";"1207714";"352343";"363959";"403895";"363184";"433299";"435436";"461650";"542124";"584602";"552076";"481204";"542936";"442794";"438050";"482578";"372618";"475529";"448377";"490309";"458500";"615755";"721056";"727383";"838796";"480531";"483875";"436520";"356229";"453368";"393866";"414815";"601313";"773736";"1348133";"1544120";"869986";"894326";"501437";"450888";"381554";"488359";"432079";"643313";"563225";"507886";"449908";"501265";"469783";"718230";"535241";"681355";"798937";"490718";"440603";"576205";"511142";"675643";"499923";"491831";"681644";"413775";"418292";"408993";"351617";"407525";"349115";"362472";"441771";"418936";"389027";"366785";"388760";"801879";"357797";"366653";"295274";"522172";"432436";"535545";"386745";"455082";"376301";"392202";"455089";"671563";"386973";"396730";"303297";"539350";"402712";"424774";"473445";"452080";"414971";"516821";"1038753";"428974";"537281";"803637";"435666";"595064";"820894";"683813";"665428";"626749";"485889";"530001";"694421";"636914";"743531";"587319";"348371";"83953550"
"SC";"282486";"208273";"193962";"667083";"293621";"678426";"218024";"2609902";"183927";"170674";"170762";"144051";"227964";"196115";"224835";"783464";"323828";"699820";"214706";"204453";"660914";"194525";"207254";"157826";"214055";"177885";"291572";"817637";"278970";"706691";"232010";"682898";"204716";"205828";"254809";"196936";"281731";"254987";"257754";"299887";"385011";"362655";"303430";"336733";"268015";"271347";"283991";"202316";"305535";"289454";"298285";"270773";"484744";"530718";"411127";"415750";"259427";"272624";"265903";"188643";"274711";"237203";"243209";"389978";"369277";"789455";"1131764";"612655";"452859";"285538";"257093";"189413";"314936";"285108";"413808";"374898";"399734";"302615";"481405";"464536";"549206";"364023";"394170";"512800";"342390";"328484";"396709";"317385";"541770";"354333";"353943";"447089";"332109";"274618";"260526";"188940";"245580";"198845";"224256";"487594";"441951";"296201";"253214";"232039";"507469";"212560";"227961";"165436";"302788";"224463";"293385";"268071";"318633";"299837";"251367";"259585";"439619";"248757";"237344";"174296";"331577";"265955";"271575";"314792";"358236";"303154";"321760";"676128";"287366";"403075";"381897";"249577";"331420";"634251";"678717";"904674";"565736";"350078";"394311";"427337";"409293";"501493";"496679";"218026";"52798790"
"RS";"412679";"338631";"298224";"1268011";"395764";"1119244";"294184";"2455944";"1274657";"540508";"343534";"917295";"940767";"607787";"479033";"2391558";"1538289";"1350963";"366274";"302535";"1016735";"297041";"300223";"295500";"271015";"258689";"308719";"1371720";"332200";"1015727";"305134";"1009148";"282288";"310131";"342119";"351874";"356969";"363906";"371554";"382832";"444672";"638554";"557882";"492630";"362806";"352006";"366646";"315632";"393587";"372908";"412639";"384828";"810393";"779681";"556967";"622867";"345232";"376086";"358721";"324781";"347193";"330706";"351944";"488157";"1060693";"1471896";"1584134";"617060";"540602";"389312";"333102";"286607";"438850";"368522";"600275";"476824";"410840";"342389";"404155";"402385";"560950";"396058";"466790";"766983";"364414";"319915";"492957";"398984";"384641";"350584";"398206";"662851";"384850";"366514";"342902";"291908";"304964";"259275";"293748";"324586";"325015";"319271";"301472";"328141";"872214";"305225";"323729";"267920";"399192";"321151";"482349";"328527";"363383";"323308";"331673";"410541";"598841";"341111";"329653";"277719";"439847";"336067";"368871";"385514";"356740";"349803";"440469";"591486";"330354";"394171";"358794";"279979";"398592";"349745";"365809";"446235";"422462";"358681";"436266";"433914";"377091";"493289";"422994";"284444";"72798701"
"MS";"718125";"253716";"140579";"298052";"160103";"375737";"106923";"851361";"432341";"101989";"96712";"74086";"113427";"92079";"112963";"311878";"168367";"373798";"114543";"104958";"332099";"97214";"102290";"77925";"100242";"83234";"120143";"319574";"147591";"339706";"110114";"334063";"101361";"106499";"118289";"96288";"137292";"122861";"126537";"135232";"157199";"156938";"142648";"172728";"130018";"133412";"149903";"100973";"150912";"130602";"152925";"135288";"190029";"180393";"174676";"194610";"140535";"134446";"130811";"99953";"135486";"111829";"121227";"175642";"192287";"329573";"432397";"189730";"190558";"132642";"127969";"103172";"179664";"155245";"233995";"216897";"195995";"186525";"192089";"198810";"214529";"178718";"226555";"260435";"184324";"150613";"200265";"158215";"208468";"146222";"151775";"252749";"161392";"142089";"133045";"98140";"140157";"119031";"122977";"126914";"154219";"134502";"117501";"125594";"255342";"113603";"117671";"86017";"181456";"188522";"175787";"133328";"153873";"125131";"123231";"137457";"199370";"108459";"112436";"91593";"161625";"119911";"125915";"128756";"141505";"127067";"144557";"240183";"153269";"139418";"126306";"92908";"145287";"120782";"128522";"146822";"154124";"122369";"153013";"153269";"164181";"164140";"135364";"103477";"24475497"
"MT";"245769";"336598";"253032";"341017";"180770";"451155";"178667";"1917717";"220199";"140363";"117132";"112904";"118145";"127045";"130596";"327752";"163528";"410036";"172975";"133280";"393470";"143139";"122790";"117895";"90730";"109941";"109971";"332406";"157787";"415139";"147365";"406574";"147602";"122556";"128609";"128808";"119432";"133336";"136401";"153236";"172595";"170721";"170931";"177376";"147713";"145149";"179533";"131045";"145747";"175695";"163111";"165479";"175973";"188353";"191899";"173521";"182772";"147714";"142710";"128559";"121617";"139069";"145343";"154827";"272015";"364644";"494574";"261957";"250956";"183045";"168177";"154464";"151217";"167267";"226209";"219178";"222411";"194652";"196359";"194122";"226931";"193431";"217406";"292718";"159586";"155191";"198659";"186114";"210785";"188703";"192742";"260450";"181144";"173105";"170683";"127313";"159671";"139806";"154523";"162000";"166632";"157837";"157368";"154071";"317233";"143058";"137793";"111739";"205891";"184353";"217483";"169772";"194147";"163337";"150824";"195549";"239789";"152094";"142485";"116308";"186602";"143535";"160351";"163320";"165790";"146257";"171267";"274738";"148904";"169187";"147517";"119937";"171185";"134883";"147572";"173925";"182518";"139892";"165137";"175876";"165657";"198231";"168138";"110847";"28414556"
"GO";"2537221";"675273";"273777";"653758";"272122";"856423";"293709";"1594276";"842252";"340664";"320188";"420456";"230234";"217624";"239180";"733734";"273416";"762935";"258878";"237496";"722056";"220065";"221790";"192228";"223051";"205622";"243781";"710761";"270431";"742506";"272260";"761153";"231719";"235511";"276681";"254168";"304291";"276826";"267753";"279454";"310837";"332621";"281547";"389017";"292975";"278702";"312937";"242646";"313261";"297161";"320953";"280964";"366348";"373284";"340974";"456065";"275783";"281500";"269750";"221358";"286420";"264425";"282247";"379864";"517389";"948564";"863916";"420454";"389223";"284424";"274022";"231361";"331062";"277957";"415330";"327535";"303114";"237460";"299839";"307699";"365105";"308280";"418942";"485836";"281866";"241606";"397079";"257541";"317093";"322974";"286465";"536556";"302792";"269695";"251515";"200838";"226681";"214023";"238119";"251230";"246704";"244724";"193919";"232925";"575502";"214144";"212456";"171323";"356772";"292537";"336733";"250241";"271114";"228375";"227634";"272940";"486434";"234977";"218773";"173116";"336217";"217479";"274571";"278204";"247057";"225768";"275630";"396437";"236918";"259244";"239015";"177173";"282321";"224380";"271061";"290296";"285416";"207976";"257184";"291158";"282268";"282258";"240472";"135510";"50656303"
"DF";"1517543";"134347";"110817";"267754";"121542";"325433";"113787";"1200574";"130875";"107954";"97071";"92967";"115291";"94120";"124558";"298881";"142516";"324659";"119879";"109240";"316655";"102438";"100355";"101643";"108194";"92680";"129028";"290773";"135655";"332252";"122086";"328128";"128229";"113382";"112268";"130133";"134085";"118957";"115800";"121743";"161966";"128591";"133692";"155643";"132309";"119304";"48900";"121640";"149223";"135566";"153478";"139908";"203296";"167340";"161982";"180216";"70597";"143785";"123211";"118793";"143506";"127078";"136042";"187778";"217090";"253586";"521551";"319862";"200190";"144231";"129044";"114560";"148685";"138411";"201681";"158962";"185302";"142099";"172842";"162202";"172813";"150646";"141652";"216132";"137367";"143428";"156474";"145790";"168156";"152669";"125253";"175746";"40263";"28525";"29138";"22225";"165874";"191051";"182134";"239753";"235642";"199766";"189064";"178230";"355170";"160499";"138911";"238385";"168801";"145598";"164966";"114765";"133368";"100852";"103342";"102731";"187748";"106918";"92611";"89808";"163560";"102791";"113654";"119710";"114728";"113530";"134116";"199768";"115590";"120011";"101797";"91190";"131040";"105523";"114111";"116994";"140270";"105828";"126629";"186593";"136782";"141714";"106345";"93995";"24226967"
"Total";"16113501";"8820692";"7293145";"21984034";"7930745";"25128609";"7183561";"78493152";"15036277";"7628990";"6924795";"10422006";"7545143";"6830633";"7977573";"25718559";"10132131";"24969763";"7640782";"7385839";"23724651";"6868970";"7445273";"6201848";"6620511";"6279019";"7939332";"24135594";"9151477";"23146137";"7467106";"23544588";"7236260";"7258223";"8087526";"7293206";"8118379";"8080515";"8115056";"9094299";"10498390";"11377795";"9615815";"10734797";"8421674";"8309705";"8657697";"7437264";"9395221";"8750753";"9551629";"9139609";"11959703";"12033372";"10661190";"12424674";"8659320";"8749858";"8268726";"7066281";"8008524";"7921636";"7973192";"10531166";"14040581";"24277152";"28756533";"14628368";"14595962";"9432851";"8357736";"7807991";"9347746";"8788978";"12809216";"10396595";"10025148";"8319809";"9499266";"9687712";"12249403";"9856803";"11616396";"15511446";"8847517";"7994893";"11375264";"9947022";"11472716";"9095174";"9133124";"13712915";"11443459";"8475055";"7959509";"6494502";"7437623";"6295067";"6955612";"7796793";"7943339";"7010107";"7105765";"7524859";"15737863";"6775061";"6692946";"5630387";"12055251";"10964753";"15380836";"9889329";"10053084";"7984122";"7983238";"8598929";"13906556";"8561219";"7922578";"7053727";"15256494";"8165895";"8725853";"8798227";"8892364";"8091926";"9917315";"14272071";"7854894";"8792219";"7962390";"6189305";"8891414";"8219126";"8527755";"9494044";"9621771";"7491966";"10281564";"11821364";"10018784";"10230812";"8736568";"5551530";"1554137428"
